12044
19442
12381
18287
19944
8829
16256
17510
22660
4979
24837
566
9564
16653
9922
23031
4217
11704
6183
2978
22496
8928
5320
7421
24151
12640
3987
12259
991
11920
11013
19559
8220
4043
18197
20322
2821
13060
10041
13034
14029
7476
18738
15425
21997
22318
7523
18623
9137
13484
17818
14246
12660
6754
11152
21757
15019
10378
484
24929
15986
19229
16638
7789
6834
13486
1370
2469
23382
10899
15961
3848
21014
17337
13853
7158
11224
4181
1028
10731
17212
18901
14710
14436
10654
23908
16359
10310
15616
4500
18027
17826
14914
2113
7365
22102
18541
14130
11200
19128
