0.898939
0.836655
0.788857
0.873741
0.800876
0.821905
0.822603
1.2537
0.813241
0.821626
0.944484
0.989969
0.849489
0.806791
0.902985
0.884627
0.887359
0.987185
0.859796
0.786001
0.859414
0.808593
1.2255
0.795268
0.836535
0.863184
0.792715
1.16903
0.824936
1.65105
0.812092
0.821764
0.795229
0.854305
0.816576
0.822824
0.835862
0.800592
0.864388
0.806548
0.820499
0.833623
0.812173
0.928481
0.823419
0.823385
0.794578
0.836896
0.939286
0.810373
0.805465
0.820602
0.849257
0.874045
0.905359
0.840671
0.860362
1.11958
0.839081
0.794596
0.832006
0.818849
0.8203
0.76381
0.707212
0.661113
0.661513
0.654913
0.671281
0.761434
0.672711
0.659656
0.701828
0.747094
0.698024
0.720406
0.74924
0.796096
0.797374
0.673374
0.686015
1.23673
0.653523
0.663861
0.932808
0.658608
0.671196
1.00663
0.686316
0.661265
0.697938
0.655959
0.669726
0.689396
0.656495
0.675419
0.741918
0.78969
0.719873
0.688324
