1.93163
1.8526
1.59944
1.73993
1.78957
2.01514
2.27256
2.68133
2.02197
1.63519
2.17348
2.02663
1.83111
1.8505
1.92724
1.79099
1.86988
1.75949
1.99165
1.86534
2.15833
1.72692
1.53607
1.71029
1.4933
1.8843
1.74523
1.70984
1.70266
1.71014
1.90547
1.77001
1.28358
2.18764
1.71003
2.00705
2.05456
2.0069
1.87139
1.68468
2.05286
1.78494
2.25785
1.70866
1.71505
1.49123
2.35006
1.89558
1.88737
1.53144
1.57808
1.96446
1.81778
1.64997
1.86787
1.83555
2.04314
1.76052
1.81082
1.77352
1.66258
1.62354
1.58671
1.60798
1.68647
1.81365
1.95139
1.62167
1.77959
1.69112
1.56512
1.60092
1.70388
1.86818
1.58917
1.87098
1.96496
1.83309
2.69611
1.67017
1.91597
1.8261
1.82869
1.80731
2.2299
1.63483
1.9943
1.6872
1.57541
1.83207
1.81075
1.9791
1.39903
1.85734
1.66874
1.67106
1.55674
1.46543
1.64648
1.53876
