301616
345966
351993
353
234155
145076
235658
372553
214008
153926
145712
54976
39046
212323
43967
28709
189440
87717
52681
359095
219634
32467
309296
205618
20038
360214
198796
114269
80457
14595
90612
233162
49204
239459
351688
82339
49518
208372
230773
86694
194380
344700
240520
114095
290168
23535
350137
180179
347799
101185
273060
272289
135173
336071
138306
278379
46528
116439
71386
350819
20800
372977
230929
297409
373449
2674
201016
247668
34023
345997
205461
195185
179893
200643
346551
126620
83721
39485
67935
17249
75084
72585
97911
10709
237593
71848
222599
320144
233017
134284
77425
265487
182708
171493
54331
82063
168338
276847
221899
319050
