482248
3563058
1854937
2664192
1754333
2468530
4580145
1357530
2389811
613541
1868161
4659788
3785007
1270272
3100065
3741325
739047
2855436
402176
2718258
2530997
2142047
2340858
4010240
1748847
4173136
2264820
1760832
2164656
2654103
481903
2273023
2358580
1864260
809457
87127
3283369
578670
1442493
2791877
2038941
3940458
3368861
1475119
4669588
4506209
3555440
2547538
308212
2260487
1914892
2433110
4532624
1018884
3676679
766600
314113
374533
2231653
3574714
4710791
1957455
3607768
2432621
1196353
928249
1809442
647111
3011042
1222449
1376326
2714656
214950
3558512
1654769
556049
106978
1138795
2604405
839246
2182791
4261372
3629935
1367738
3250580
2326746
770867
1196377
3757332
116953
1668813
3967180
2936491
4831336
210535
1375809
1834758
3075939
1661072
4067313
