127897
237363
90805
165112
178488
5164
59320
334485
231933
367653
54320
62754
357189
284445
372901
189341
33133
323788
221094
214981
63669
59274
77234
34101
285514
262673
340323
233623
332327
21910
301742
179318
25170
93421
214062
199536
366159
175796
218363
192157
149511
246036
240144
244939
137505
271348
125770
63101
48812
47467
48306
352779
18097
340202
121123
78457
138358
245279
28318
367877
281848
71077
216355
272946
317634
314903
230865
74803
342846
367148
235451
314112
232185
145654
223822
175409
242748
327690
290654
53068
295379
135582
70921
254479
350977
235385
37362
370501
166189
294187
208135
99073
74476
231993
129176
58968
173929
248448
44874
136552
