627
604
22204
25664
2293
23356
24007
24600
25549
6654
2049
24570
2017
2011
2080
6761
716
266
7327
23723
6618
23933
23398
6710
619
21474
6145
21808
678
25024
6160
21607
22055
21524
1792
5888
1786
20827
21018
1929
22999
20413
1744
20407
21001
5781
20532
20579
598
21080
5820
5776
5779
20399
5842
20912
20491
20492
20428
20437
20281
1733
574
5696
571
5658
20550
5696
5587
5618
5622
5620
5577
19748
5619
5485
5509
5513
19301
19242
19176
5386
585
19036
18838
19110
18609
546
5266
5236
18581
18657
18494
1599
18584
554
204
5211
5425
18515
