759
669
32305
31228
2404
31158
31833
31824
33594
8440
2454
33024
2359
2413
2406
9682
762
283
8298
32116
8572
28366
31694
7688
678
31383
7679
32032
724
28612
7682
28945
27285
26994
2103
7293
2092
26848
29729
2248
26779
25977
2023
26102
26006
7083
26103
26128
647
26019
7086
7052
7131
25899
7140
25984
25881
26121
26218
26013
25744
2042
654
6959
636
7048
25632
6948
7018
6961
6916
6975
6983
25561
6828
6907
6841
6860
24976
26152
24739
6802
625
24622
24817
24200
24381
613
6675
6593
25487
24299
24283
1947
24433
616
232
6956
6668
24517
