5411
5821
26776
1992
33517
20896
16356
4520
18344
630
13835
3123
33195
18791
37570
40
15348
1700
41233
44311
7544
42338
44537
16959
29435
49686
49915
47648
32061
47991
26845
49798
13637
1995
32460
45204
16061
9207
3601
1532
8318
16634
45384
26220
18532
47921
33704
22898
34075
48841
13845
30353
33257
3006
13046
37128
34102
31383
32570
42084
42427
3879
18042
21924
29312
45133
36100
43690
12203
34539
18292
47717
14415
29784
22302
42641
39316
30677
5320
20438
18706
42061
29305
6279
21473
19793
30910
6911
167
36697
14227
40459
30506
1129
10353
5539
1191
41958
34185
9927
