76281
66094
30426
33082
95420
92710
26986
29721
43727
97717
81597
37902
54515
64977
18492
60000
30171
8536
37670
7838
14503
48243
16568
32133
76303
15180
4048
16379
67169
4773
59378
35958
19304
89665
52744
32678
68451
81524
1079
55844
57378
2701
77436
9652
29971
54280
59748
35313
10150
20581
36855
68852
26808
98247
14204
84565
55356
51348
62611
67092
54085
46704
57208
24443
63694
32199
91543
15071
25354
10874
2162
31215
47783
17066
39721
38331
67476
94705
3652
26521
87875
22937
70093
83370
60851
7542
25451
93737
35890
48815
69461
7212
7183
75600
83313
91006
90756
54857
6594
34596
