8.94081
8.04152
8.44764
8.33573
6.74545
6.6242
6.33566
7.24881
6.75061
6.25181
6.42928
6.29538
5.98531
6.1051
6.28099
6.58846
6.50353
6.59991
6.30228
6.21791
6.2656
6.04395
6.15387
6.51786
5.7819
6.02725
5.82189
5.8393
5.77774
5.80024
5.78243
5.79419
5.81922
5.76773
5.78928
6.04991
5.80934
5.8162
5.80559
5.82118
5.78348
5.78937
5.83317
5.80274
5.76275
6.35902
6.18847
6.76601
6.73585
7.06925
6.46876
6.75072
6.33786
6.64721
6.77993
6.7647
6.07214
6.10523
5.89956
6.38005
5.92116
6.99669
6.38058
6.62139
6.66477
7.05804
6.40693
6.29422
6.31188
6.53304
6.04736
6.82749
5.7176
5.73562
5.70319
5.71833
5.71929
5.74015
5.71069
5.75361
5.71826
5.71225
6.38773
6.63612
5.97459
5.84844
5.8598
5.98095
5.93909
5.91101
5.95704
5.97536
5.90372
6.00468
6.06305
7.01261
6.3875
6.15615
6.46741
9.50166
