22.4614
25.1073
18.4806
19.8017
18.8575
19.883
20.123
15.8309
15.8932
19.3458
16.7005
17.3032
15.4342
18.1609
15.9111
16.4081
21.1698
16.6955
21.1532
18.0824
18.917
17.2291
17.3785
16.1537
13.3202
13.1278
16.864
13.8362
12.5668
15.0973
14.8672
17.3769
14.7941
14.3576
13.3256
13.0555
14.2763
14.2307
14.3499
15.8915
14.3036
15.72
13.5658
13.7445
17.1989
16.1735
15.9914
14.45
18.8878
15.6431
18.8901
19.268
16.0067
18.0651
15.6884
16.6877
14.9041
15.2081
16.3238
14.4495
16.4597
15.5143
15.5174
18.5149
16.166
16.6165
16.5005
16.0241
19.6487
14.6173
15.7329
16.4937
16.7315
16.8243
14.0224
13.7633
14.4655
14.1563
14.1485
14.2378
14.0255
13.161
14.1931
14.6001
17.2443
16.0744
15.9996
14.6822
12.8328
15.0243
13.9
14.584
13.8589
16.3975
17.6988
24.472
20.6174
15.5899
16.9541
19.5933
