522156
322140
774393
327776
209227
829517
196422
186236
79879
205084
922376
701159
665155
268397
75451
981544
814294
471797
191050
660505
699022
338484
857366
154768
536955
614056
967372
845202
194896
421609
858033
529364
46936
93602
316252
625985
109338
613583
794561
973294
997549
78271
696878
696248
999049
616155
301431
94549
617417
493303
493070
425810
646229
106615
593963
688508
397686
601540
375587
298994
228208
520317
570455
737899
124723
362855
871756
73940
61268
827889
633434
741093
495652
410767
165697
214362
879361
464269
436847
308198
108243
889955
523942
264544
946747
472414
170315
600111
235969
759767
584630
32484
438223
70931
457064
167723
980104
540139
80653
442974
