2715576
9877272
2842098
1594956
4492071
3313443
1115499
4454708
8724711
530305
3256293
9661402
2502940
4333022
2128464
9203684
5432422
9053629
6717092
4137270
5105392
5929275
4703020
26691
1437070
190796
2311563
4121030
7968026
3299656
8809177
6398108
9079625
7843294
6625007
1286918
3429572
6277559
7535235
1152385
1021782
6682347
2581734
5216829
8534825
6153056
8035410
7506966
6314173
7405383
9944734
408557
892856
4318789
3480203
2192967
8975493
883731
4517742
1572435
3486399
7422761
8962705
8714126
1307549
6409856
6988391
9136353
531808
750301
4993368
6640887
5437807
8647944
5701054
6115184
7133686
654106
6767622
7138775
2095301
7785832
562581
3171619
7144714
857827
810638
9368573
1674297
9387392
5251307
4098600
1630683
6731996
9608349
6622900
3170848
9613873
6449503
177046
