4270561
1640205
1527077
1103773
1588961
2701893
3730753
3859878
2594887
1489214
2529123
809493
780744
4570793
3250705
2952744
1441416
2006606
3319609
2506694
3110235
4360935
1982693
2251076
652232
4127116
3647054
4271913
3248524
1740696
1753925
1290806
1070135
3493541
3311367
428906
859837
1361863
2335391
3175578
3065006
2350211
1082077
1991800
508341
4494529
3863393
1099493
1364949
974785
2518520
3599439
2809895
1144997
1408545
3493370
1942955
1014177
807068
2779046
97846
1317078
302356
678935
3150542
2529494
678745
1342716
3919660
2607359
2113253
3274879
4200899
3343256
908297
2938595
4716014
3710519
4549932
2457663
3446666
3199101
362913
2595551
1015719
4621406
2461991
3893955
2213062
3034868
3795497
760545
1450871
2296942
3630515
3730218
3807392
687294
4535205
3859770
