0.13283
0.133747
0.135085
0.136134
0.14542
0.14472
0.12458
0.121426
0.129873
0.135647
0.128107
0.129974
0.14156
0.154358
0.167306
0.128241
0.125403
0.170473
0.151553
0.19675
0.16018
0.162136
0.128658
0.179386
0.1384
0.147785
0.143189
0.126813
0.129756
0.132836
0.134764
0.152576
0.149996
0.137364
0.161471
0.176214
0.125833
0.124546
0.151265
0.317873
0.140803
0.140079
0.145096
0.126009
0.196843
0.143071
0.134929
0.141526
0.128343
0.14399
0.128421
0.127677
0.140255
0.140031
0.159662
0.139848
0.129696
0.122094
0.131109
0.139588
0.121216
0.147274
0.219471
0.156296
0.130108
0.128898
0.123588
0.12709
0.128977
0.131421
0.128864
0.137203
0.129022
0.1558
0.131703
0.134737
0.135684
0.170254
0.156032
0.145571
0.12873
0.130925
0.135153
0.127371
0.137609
0.139849
0.132591
0.134787
0.126049
0.1315
0.12723
0.134767
0.130297
0.135372
0.127311
0.145186
0.138214
0.142981
0.135356
0.130072
