0.891481
0.881689
0.954071
1.00069
0.925629
0.969679
0.96441
1.11303
1.00615
0.986988
1.08749
1.00011
1.06486
0.937413
0.983553
0.968518
1.09858
1.1055
1.08627
1.14272
1.14534
0.924506
1.07012
1.00352
0.965608
1.00713
1.02242
0.920036
0.995433
1.02335
0.986141
1.02171
0.994245
1.25539
1.13766
1.46689
0.967718
0.968737
1.40186
1.25226
1.026
1.01404
0.995209
0.991569
0.940969
1.00836
1.00638
0.933602
0.973751
0.937472
0.886374
0.910548
0.928421
0.913579
1.21427
0.904164
0.948224
0.929943
1.08537
1.01034
1.04395
1.09557
1.11281
1.22626
1.00598
0.951471
0.890921
0.969576
0.936522
0.954932
0.908751
1.00292
0.885252
0.906736
0.923164
1.33276
1.25631
1.41547
1.20499
1.00205
0.982952
1.02339
1.01773
1.06731
1.10518
0.973788
1.00986
1.02168
1.03075
0.980726
0.990612
0.996735
1.0223
0.981135
1.31278
1.08368
0.994074
1.14521
1.036
0.956998
